time,x,y,z,phi,theta,psi,x_velocity,y_velocity,z_velocity,phi_velocity,theta_velocity,psi_velocity,rotor_speed1,rotor_speed2,rotor_speed3,rotor_speed4
0.06,1.0949000696164011e-07,4.69173739948428e-07,10.007654792407905,0.0003446981422081663,6.283001265358388,0.0,1.4100523928985599e-05,3.961458957732524e-05,0.2551370417036589,0.015287802474294586,-0.010043077617091025,0.0,484.51261243226855,483.75715934471475,482.5424106621017,483.6948129019603
0.12000000000000001,7.888888958104034e-06,1.4679536957860133e-05,10.028480454358709,0.0011135531152834943,6.282273521994085,0.0,0.000320893043001952,0.0005311113753941957,0.43899837793855884,0.007340970019186049,-0.016666535514790057,0.0,463.4234925145784,462.90278430747765,462.8223767352533,462.19647579538594
0.18,4.8641222921607535e-05,6.998561014833038e-05,10.05684478947033,0.0012975289099426135,6.281381792908764,0.0,0.0011291967157038415,0.001344462083786227,0.5064513507262985,-0.007260429150965059,-0.011477884325601385,0.0,427.1215061578301,427.56381055243327,426.60859138905954,425.3601551756788
0.23999999999999996,0.0001560780378797193,0.00017604371501822306,10.090249878788777,0.0010897083669672014,6.280929571235868,0.0,0.0025091740424383682,0.0021588363335987254,0.607002977362276,0.0032156628076459816,-0.0006349130929237993,0.0,436.7306526440502,437.63407474967477,437.10184728139325,437.973953977827
0.3,0.0003625072357946156,0.00033371763051811654,10.133788952568144,0.0014988913992297626,6.281055060738225,0.0,0.004365525927064952,0.003134632743759746,0.8441544370354429,0.01319773749476211,0.007052269885805856,0.0,478.9937269613236,479.57784712671236,478.0465743186295,478.806383644691
0.36000000000000004,0.0006722138590495189,0.000560531026207234,10.19004201566047,0.00265308265358577,6.281421440761418,0.0,0.005912307639268258,0.0045397387408717795,1.0307977180616017,0.029183739592402246,0.004143892759994252,0.0,464.9881622728032,464.76019399197475,463.13477897185675,464.3902014480609
0.4200000000000001,0.0010558698658266008,0.0008828498457481358,10.25102415532942,0.004114319229254093,6.281490647885793,0.0,0.00686242974374897,0.006339462195641625,1.0019658156306988,0.012328168592015715,-0.005622781615323681,0.0,395.5783884109919,394.67808711294987,395.68454273419025,394.13009864738575
0.48000000000000015,0.0014993916321990037,0.0013426800067484945,10.311973681421124,0.005561839858057915,6.28176602393366,0.0,0.007919544747485996,0.00909416402211042,1.0296598516235347,0.04090998599865017,0.019679921277478037,0.0,413.4519645711798,415.6749712207211,412.8951528763576,415.4088972463678
0.5400000000000001,0.0020008265328822286,0.0020196369165879613,10.377923704428836,0.007647701464250645,6.282614225173759,0.0,0.008681893790922636,0.01371954940091539,1.1685408359251779,0.018165131065640758,-0.0002642117424129587,0.0,450.95981523772826,449.3460209729339,451.0584464793194,449.21853704080564
0.6000000000000002,0.0025318818333560705,0.0029843420866104893,10.448404081198525,0.008786865117924592,6.282828310873661,0.0,0.009010290140144084,0.018536433648802482,1.1807915674364453,0.020579223385165553,0.010302632793194216,0.0,409.09547203401144,410.0351359683863,409.3667934592683,409.58151391697913
0.6600000000000003,0.0030772470310607802,0.004278608649643544,10.521781713198655,0.010108109793745435,0.000419423551265119,0.0,0.009098564605305138,0.024732481116739348,1.265038531061798,0.024757977168652693,0.017753040757031633,0.0,433.5333494429714,434.15872654736114,432.555935884912,432.90769188996205
0.7200000000000003,0.003608454260183826,0.005997390107159806,10.60259147461506,0.012011222690705203,0.002053045512277585,0.0,0.008452936039049943,0.03274999295371839,1.4284279738219567,0.04289595576778542,0.041481068238354,0.0,458.5153808237187,460.39654246089424,456.1463448580011,457.5926763149411
0.7800000000000004,0.004057129685029417,0.008252924767328938,10.693898090025433,0.014154356266107726,0.004141812064239581,0.0,0.006234612829740657,0.04270968732113046,1.6148767995708928,0.014781919222244061,0.01611946099464444,0.0,466.5358639442349,464.55203734099473,466.5981926981635,464.3988408329786
0.8400000000000004,0.004320340627871376,0.01117838223664585,10.798456162057159,0.015265463295408566,0.005933510690248056,0.0,0.002357437158458874,0.054925942327235154,1.870007931360088,0.02510331624973832,0.04856846462480158,0.0,483.95610684915636,486.39233887590325,486.673571719434,487.4453480704051
0.9000000000000005,0.0043154521250261665,0.014825426993176589,10.915603687277287,0.016886977924336577,0.008834984601874929,0.0,-0.00284299176923866,0.06681250269007476,2.0346259739512162,0.030615375095927946,0.04793354961754838,0.0,460.612841292386,460.56397418530395,459.8229366159352,460.25950254792446
0.9600000000000005,0.003937291840720173,0.019213882804349054,11.042069975666355,0.01858600788825715,0.012416598553996572,0.0,-0.010118532901657856,0.07965743215258105,2.180642547917389,0.023272158928648073,0.07643582335430738,0.0,453.54667394006543,455.8322237356963,456.12687018607903,455.5402820599256
1.0200000000000005,0.0030066485958868956,0.02445435472375803,11.179630577784588,0.02091329146304144,0.016594809848217373,0.0,-0.021430956131813863,0.09525309431651466,2.4042554896717894,0.05911110759943786,0.050397946306630276,0.0,480.49686328447797,478.52208286581805,477.06465947771466,479.79377366589966
1.0800000000000005,0.0013349906510494234,0.030654702893288546,11.328708796016228,0.02470254681815387,0.019223994191518656,0.0,-0.03460430731908322,0.11182545094198537,2.5646566306021232,0.07021047867550678,0.02550354742670918,0.0,462.37844537659305,460.41405760888046,460.53015592223227,461.40993278691025
1.1400000000000006,-0.001090037025945058,0.03781949446197673,11.48279897712415,0.028708729505320996,0.020798918285296786,0.0,-0.0463666401025063,0.12736387329337187,2.571652971980792,0.05880866292025808,0.02769873928789613,0.0,412.82303507592104,413.01688725741053,413.6927913095752,412.6912791138781
1.2000000000000006,-0.00434576879954075,0.0461204012128295,11.641876579944084,0.03245689808769292,0.022287637297345064,0.0,-0.062325221513921905,0.14972557017180466,2.730549631175825,0.06893370104496613,0.01830368926565166,0.0,461.6480865488934,460.9062516719636,461.4297064645818,462.2309324646548
1.2600000000000007,-0.008495050021453546,0.055708505339323845,11.806247492006799,0.03657410526488292,0.023636386100187146,0.0,-0.07609409852863405,0.1702468258108713,2.7484198195540985,0.06798579964791059,0.029739433671329116,0.0,416.91838782070283,417.91641948745564,417.9096048600701,417.8308586381354
1.3200000000000007,-0.013484584711613947,0.06658318882968821,11.971168456277486,0.04068573759568306,0.025200447578505702,0.0,-0.09037097681479406,0.19259943515881817,2.748923671975534,0.06958806481924389,0.017471086940077284,0.0,412.6001363875442,411.5157732026451,411.756929035624,411.90260402643594
1.3800000000000008,-0.01953156586529751,0.07915751829167392,12.143003127564695,0.044501998464541614,0.025727241161043857,0.0,-0.11129086724303683,0.2270092686712013,2.978301223993289,0.047623100581878595,-0.020824858172677506,0.0,484.46537289818065,481.5773343761439,484.4980643355285,482.84633247308125
1.4400000000000008,-0.026732629746949923,0.09370145463732835,12.324542663645563,0.04695025931424812,0.024726797851438498,0.0,-0.12862556574620673,0.2580506502614385,3.0727524349687476,0.02147247417075787,-0.009450946322303937,0.0,442.9668219633515,443.90123334790627,445.5259146805168,443.38343605601466
1.5000000000000009,-0.034998784457001775,0.11023491082833234,12.513499984779227,0.0484662731216261,0.024060430749198503,0.0,-0.14683533434636084,0.29319835227601454,3.225395001308516,0.0319415150444114,-0.014640914088927058,0.0,463.53859098599435,463.1306865746255,461.11045090678806,461.93683389362104
1.560000000000001,-0.04424315214996394,0.1287124487989435,12.707505473240005,0.05054176957140655,0.02288232462818396,0.0,-0.16121964712313164,0.3228950985405989,3.2413969589712344,0.03942412765157535,-0.03218831619675337,0.0,421.21766044823306,419.6973333626718,419.4070467417959,420.0570310633765
1.620000000000001,-0.05436034740909592,0.14908919560957964,12.903998737774657,0.05342345111133984,0.020985615447366435,0.0,-0.17583046049445888,0.3565770099294564,3.3081715877126663,0.06125832662306216,-0.030483269066795667,0.0,437.47399522281245,437.61557531742557,435.10748379462086,436.9330360546104
1.680000000000001,-0.06536110960991377,0.17166220467413928,13.10660865143423,0.05740838452011321,0.018726373444040156,0.0,-0.1906411226903956,0.39624632567184465,3.4450622591886275,0.07512345199147533,-0.05855979065121299,0.0,460.79494921842354,458.5692002431921,457.984072009328,459.08865185122096
1.740000000000001,-0.07719092834238164,0.1966934443691079,13.317232465053843,0.06180196078848965,0.015027027891233224,0.0,-0.20329642377671855,0.43857740763714886,3.5753018988241325,0.06913531926019653,-0.06870177125352221,0.0,459.030200477222,458.2220017824909,457.56759706687416,457.0946097550338
1.8000000000000012,-0.08968324805594605,0.22429344514496227,13.534638276939964,0.0660856619575716,0.010651708264399318,0.0,-0.21268148099332088,0.4818291117074884,3.67122367692577,0.07556733893937044,-0.08307978350436766,0.0,449.17241848214087,448.00065450200174,447.71850602253784,448.24539973567124
1.8600000000000012,-0.10265456709067573,0.2546389416750913,13.758710203159636,0.07021701809650782,0.005488860188101796,0.0,-0.2191561576220978,0.5301214996910694,3.797391357243746,0.0499900498906309,-0.09275925374700557,0.0,458.94668446189996,458.1718314088775,459.11398504762155,457.08330919270196
1.9200000000000013,-0.11591967936020008,0.2882536584351066,13.994429569741905,0.07342252417771622,6.282962417309893,0.0,-0.22230166657073727,0.5906930998359498,4.058989290221438,0.05953380593823996,-0.10057401607835055,0.0,499.8578382120156,499.28134864634285,497.7782715420667,498.4777376296458
1.9800000000000013,-0.12923695019049486,0.3249950011864448,14.237869885306226,0.07713520586782874,6.277535360225354,0.0,-0.2211157465265666,0.6343310436495234,4.055664572406765,0.06619469818672323,-0.07546918770500058,0.0,418.16116114699764,420.3348533295964,420.44519013169344,421.02491249776244
2.0400000000000014,-0.14236516317569065,0.3647568144304858,14.485419274434587,0.08109052624660773,6.272412937106592,0.0,-0.2160005786058567,0.6914453990909764,4.195424536342123,0.06537124198631812,-0.1293420256503083,0.0,468.28751140653674,464.07047987963955,464.58084538519165,464.5192860462468
2.1000000000000014,-0.15505610112931195,0.40805854635742855,14.741685048868662,0.08477299500581914,6.264526610934954,0.0,-0.20618196520105334,0.7523106026951419,4.3461441335819915,0.05186475432640864,-0.13599650038550284,0.0,469.86251864457535,469.3314064202283,470.5144251592397,469.46995283959
2.1600000000000015,-0.16702554547884968,0.4549022459001985,15.004796854889515,0.08752941357133981,6.256306644281219,0.0,-0.19199779497537153,0.809405370207204,4.4238940881520685,0.03017567878766694,-0.13908236660783468,0.0,449.5008255359178,449.2335020242562,449.0733542060345,447.31156186034923
2.2200000000000015,-0.17807983904989322,0.5049084864946214,15.269024731290095,0.08891081896145625,6.247834092835516,0.0,-0.1757913985119633,0.8576076747576952,4.383814965095524,0.002197620814180795,-0.14583786773369947,0.0,410.9209153623946,410.30113538134185,412.73521515989336,410.2583027024116
2.2800000000000016,-0.18773847892763432,0.5585012362046451,15.538456102379095,0.08901256207744623,6.238736535875756,0.0,-0.14513959818106895,0.9287420197744641,4.596341315831868,0.0006724426011823502,-0.16687101816122546,0.0,490.656584788294,489.0727221106634,489.46376097101273,489.35019566127403
2.3400000000000016,-0.19531733470795917,0.6163923319021449,15.820979484007633,0.08893807415283028,6.228988464707109,0.0,-0.10634443219039756,1.0008598035049843,4.8201130317352305,-0.005374333691979562,-0.15487211620530403,0.0,494.33194718512647,495.1931232753041,494.6491735531928,494.2036653902878
2.4000000000000017,-0.2006226572806029,0.6781449892052152,16.11176698034634,0.08889397163303148,6.219787094475855,0.0,-0.06963386377761681,1.0575080453652406,4.872518712122939,0.00722194461939368,-0.15048816305267293,0.0,444.83033992919457,445.1670720696974,445.054202652699,446.08414664424436
2.4600000000000017,-0.20354660841262898,0.7432984661744746,16.405730918396078,0.0889389773606517,6.211222137383984,0.0,-0.027011785729659864,1.114262035465805,4.925973748572412,-0.017140692380972086,-0.13058758275111956,0.0,444.887835369715,446.49526343876994,447.7670112551553,445.78039565905397
2.520000000000002,-0.20370719646682425,0.8119023163998428,16.703491406869816,0.08766795251857662,6.2034701571446895,0.0,0.0224007358006407,1.1723709126360082,4.998991686438771,-0.030830780883148917,-0.1265617458741241,0.0,453.75132789376863,454.0595464536883,452.6321567561976,451.52890235088165
2.580000000000002,-0.20085577520444461,0.883846187502336,17.004321692154406,0.08590681952397272,6.196213284517967,0.0,0.07331644346521123,1.2255570928540656,5.028494649797448,-0.02654839360619418,-0.11159637722956293,0.0,440.2258146355674,441.44909219873654,439.0993350127201,439.45423055328615
2.640000000000002,-0.19423369340026345,0.9595091071358106,17.313482703057293,0.08473786243839854,6.1894971624438035,0.0,0.14815224379914735,1.2962498027602882,5.27566605419756,-0.008167506093484803,-0.11262149541747662,0.0,504.98191410942263,504.8984827803958,505.25070414325893,506.57436595775783
2.700000000000002,-0.18320153344743656,1.0391639640776162,17.634863951662865,0.0837042585199006,6.183846362592885,0.0,0.22018819709463874,1.358752840837482,5.436190921871869,-0.04975559869596834,-0.07144658812473657,0.0,480.1889988062446,483.2951585239468,485.85128812535925,482.7226101804023
2.760000000000002,-0.16843953870369435,1.1219415113132318,17.958804905059097,0.08115639663390883,6.179082455833363,0.0,0.2722551751085837,1.4002913875849123,5.362153189175399,-0.030860771143819576,-0.1042615885044817,0.0,412.55629487117216,409.6418169197252,409.19409856380673,410.87177337323175
2.820000000000002,-0.15029035079524883,1.2073097053058137,18.28002801219939,0.07924124753468398,6.173239037487043,0.0,0.33323791884017123,1.445133029381607,5.345291851604759,-0.03412424554256491,-0.08633510472204117,0.0,428.7860484163298,430.29787642713484,428.9127903927765,428.63507670504566
2.880000000000002,-0.12835798069169388,1.29534831142853,18.600466559726627,0.07741631943870964,6.168285033383388,0.0,0.39828115621090576,1.4892956535016886,5.335967041925801,-0.023874610405563237,-0.07593570738000693,0.0,430.935612407479,431.8081130082509,431.4235652898898,432.2879178362354
2.940000000000002,-0.1022255494468746,1.3861444243363223,18.92217976482327,0.07654557464959844,6.165278838189927,0.0,0.4731067091003896,1.537089397117528,5.38748522789947,-0.0003862810045645246,-0.0223669049296593,0.0,449.5669903045791,453.8849345736469,449.6775708342953,451.5766348268896
3.000000000000002,-0.07162580659705912,1.47974556187041,19.24637449479122,0.07719322613463575,6.163591125621869,0.0,0.5469998276172654,1.5829469964681118,5.418780260805388,0.026935002596432132,-0.04330169923783489,0.0,446.2815757794747,444.5689462719159,444.3850546566175,446.61932337658135
3.0600000000000023,-0.03592814851690705,1.5765152038036931,19.57763115461048,0.07950731757981444,6.1610995333602645,0.0,0.6430934417377344,1.6428446112483654,5.6219848282580065,0.05518151402933103,-0.03819449306480138,0.0,496.74704105796917,497.12074349565245,497.21255200822617,499.2784470723566
3.1200000000000023,0.004491232025209955,1.6762203810816076,19.912144146953754,0.08303041146645995,6.158343247790377,0.0,0.704447774076801,1.6809298298496165,5.5287941486976,0.06498752566018157,-0.06967830467182293,0.0,408.6208693713085,405.8020979617716,406.5547521205429,407.43533267025913
3.1800000000000024,0.04941062508971811,1.7787729605630564,20.247149717808185,0.08682778693442561,6.153992670363117,0.0,0.7932254050671218,1.7378164215300342,5.6373352606986105,0.05965874271807015,-0.07887348333132556,0.0,472.09464415282747,471.380721697006,471.5358026806609,471.1265518139437
3.2400000000000024,0.09968663744935827,1.8847710722247355,20.588167706224535,0.0900530571939413,6.148831457126544,0.0,0.8830594434791429,1.7957304500469427,5.729269697234612,0.03806594348159038,-0.10679993454376698,0.0,469.18684673973206,467.00716838514865,468.72103264344986,467.0413060231022
3.3000000000000025,0.1558606776667968,1.9945626069351012,20.937573365425553,0.09213080638752569,6.142210352241131,0.0,0.9900076724948471,1.864111839064841,5.916378997574246,0.026676030498690134,-0.11861089560141665,0.0,497.63365606204394,496.75875717195504,497.91419624170936,497.0804467403018
3.3600000000000025,0.21789197503030183,2.1080350218897053,21.29319520902245,0.0942738609389826,6.1350304581513715,0.0,1.0783158872128098,1.9184243345870866,5.937354059933075,0.04946838220121586,-0.12185871085133658,0.0,449.3928629300939,449.1167307281495,449.5125197365956,451.35664087412687
3.4200000000000026,0.28548052750791886,2.2248841427687944,21.65089835284481,0.09748303472886732,6.128551654615471,0.0,1.1752180183338066,1.9767735584047303,5.985571979311093,0.0605042335005285,-0.08915499675855651,0.0,458.26671431865003,460.8489655998079,458.2256680437359,459.10407210457225
3.4800000000000026,0.35891609611284614,2.3452395079856116,22.0109345404482,0.10126542729042587,6.123425197350418,0.0,1.2730617680100653,2.0353563435523823,6.015224152997565,0.06767985802044796,-0.0788947193176841,0.0,454.20746883980866,455.0238880721281,453.8345174747437,454.4129967421697
3.5400000000000027,0.43791868266925227,2.468927485908827,22.37029688732327,0.10552874554407587,6.118573300917463,0.0,1.3607547194338867,2.0878972224440115,5.963559862405714,0.07706830009901004,-0.08512638025748459,0.0,428.7301939608809,428.194704556404,429.01159775345405,429.81224274376297
3.6000000000000028,0.5226738985798296,2.596096305585779,22.72899850835798,0.11071540759564602,6.113499678551015,0.0,1.4648223776988445,2.1514556429570297,5.99270623385705,0.10057962156755425,-0.08345244278653954,0.0,455.03050041130524,455.15883917919797,454.0816724130071,455.97003633644863
3.660000000000003,0.6134418933677152,2.7269645550931583,23.087556263554983,0.116937016506232,6.108278752440281,0.0,1.561187415318458,2.2113003453772766,5.959088762706149,0.1092848753227061,-0.09530710765683154,0.0,436.74244768094405,435.74584202704835,435.12453679647496,435.8624218288143
3.720000000000003,0.7110727189996567,2.8621831741284045,23.4496199739226,0.12404416729911727,6.102408682292426,0.0,1.693608214405204,2.296584888288539,6.1084481718231185,0.13234275992860808,-0.10343572874133425,0.0,493.9174013437795,493.3102339181578,491.09965748558824,492.8181428762927
3.780000000000003,0.8157915219669314,3.0020037158648516,23.81527583269623,0.13203239922109677,6.0961002097374415,0.0,1.7975124687488315,2.364726033692282,6.079825427316614,0.13467889404348277,-0.10878786948613113,0.0,440.8024893439517,440.35008559722417,440.35742400099446,440.5671578530833
3.840000000000003,0.9271892419928393,3.1462797882247573,24.180947222056144,0.14027118597828991,6.089811687996178,0.0,1.916235709353986,2.4451352889023505,6.108582696025514,0.14211514839299694,-0.09785292115629927,0.0,459.200320655335,460.0578776008235,459.0626648805529,459.66922572364
3.900000000000003,1.0455615390720374,3.2953410509213077,24.546990685126296,0.1485712188486339,6.083641828995384,0.0,2.02996325355538,2.5242299142467663,6.092477552507118,0.12944267060855166,-0.11531991163113713,0.0,447.202138944315,445.76740544286054,447.1152919359162,446.0989531906991
3.960000000000003,1.1712386617020394,3.4495563992756058,24.913847331781408,0.15641297430564105,6.076544717923614,0.0,2.159800532225279,2.6168847889714155,6.135282435079729,0.13308903658949903,-0.12498857112405398,0.0,466.55887868801886,465.7912799621426,465.9279126821717,466.227750983649
4.020000000000002,1.3054203885641231,3.6099039606164918,25.285939831258396,0.16440166154812275,6.069167813638604,0.0,2.3134628986719794,2.728654764965769,6.266381958298168,0.13325593659344998,-0.1191554843265587,0.0,494.29654527955523,494.7142835131967,494.52309407420967,494.5497372647796
4.080000000000001,1.4476603695667112,3.7761260715168596,25.659899359874544,0.17281744074241523,6.061709470128546,0.0,2.428423957031356,2.812679022268813,6.198761086737644,0.1514918662269734,-0.13735353325160876,0.0,436.02683259952636,434.4887639826131,434.20812539982643,435.75419990688584
4.14,1.598424078083698,3.9486701245748534,26.03631209799151,0.18193183175163785,6.053086854369864,0.0,2.5976297046160224,2.9394851920144265,6.346632652008529,0.15272217804353036,-0.16110656380152213,0.0,504.027578920254,502.29049803311034,502.5012704293541,502.609279819095
4.199999999999998,1.7572347727292208,4.127232476313201,26.411940942044225,0.19118001499809356,6.043385663372694,0.0,2.6967932827636836,3.013223082201147,6.174715839390941,0.15682127060252943,-0.16287076701507633,0.0,403.587809455357,403.400703838671,401.85673209812353,402.25340428946106
4.259999999999997,1.9232506560838178,4.3112083734655595,26.7817377524164,0.20033938927711503,6.033836564875337,0.0,2.837778281469604,3.1199470318578792,6.151168298099177,0.1426690144631048,-0.15260132044542693,0.0,452.40185547922016,453.2045977577878,454.0376092881838,452.92180118917673
4.319999999999996,2.098421537426996,4.502148260150167,27.152114677181657,0.20986753459569396,6.0249828695276815,0.0,3.0018677967653953,3.2453285544069574,6.193569846294522,0.1796444144517629,-0.13902838640173995,0.0,475.59391441121454,476.61366008783034,473.74948596396933,476.6058195680094
4.379999999999995,2.2825825350069056,4.699977380183341,27.52121759549255,0.2205852099318104,6.016422420524098,0.0,3.1374278824142134,3.349701373970914,6.109504572484345,0.17651653557592373,-0.1511882834228726,0.0,438.1298622917657,437.09792301725236,436.40520261492804,436.1754119481071
4.439999999999993,2.475992038095328,4.905009498494476,27.888715280949675,0.23193669084346968,6.007295511755611,0.0,3.3101381897634297,3.4854401345349943,6.1391697686336535,0.20684444630829424,-0.15403396780797318,0.0,475.1228965200187,474.8844329742841,474.08079562288316,476.43733071381786
4.499999999999992,2.6796384804034283,5.11814611805412,28.256905773529596,0.24417869164627248,5.997771726034353,0.0,3.4786714751122325,3.6199313825861306,6.132739172370262,0.19772920635099034,-0.1703162423282604,0.0,466.8849459624114,465.589610288766,466.8139920791092,466.14061068553724
4.559999999999991,2.8920602191540183,5.33830484500098,28.61968511034241,0.25560265536367055,5.987320812168363,0.0,3.602785397975403,3.719423288169326,5.95996347806966,0.16879273758551683,-0.18330677574671975,0.0,411.5370970035894,410.3531107775631,413.46724590924657,410.9467281778537
4.6199999999999894,3.112512640559031,5.564931064613214,28.97347398943509,0.26547870872708046,5.977390662608677,0.0,3.7463308993001836,3.8353706375787127,5.832711376817928,0.1545365737824321,-0.1432818802501365,0.0,426.7273028812011,430.1025790305106,428.14099081750135,426.9528220262606
4.679999999999988,3.343230541332601,5.799895044070007,29.324200385310732,0.274802770922582,5.968944352950224,0.0,3.9446923562883445,3.9972104971589784,5.856796388541878,0.1570741262740795,-0.13617777357658428,0.0,479.70510340309824,480.2275508500952,479.25303052040016,479.4668129212959
4.739999999999987,3.5856300375587526,6.044407483582446,29.6752075472504,0.28397881318280316,5.961312267357551,0.0,4.135662841543268,4.153650469603292,5.842316377260055,0.14301959472490192,-0.1135364719236102,0.0,470.07666015902254,471.8142820342701,469.86488763903924,468.794291075501
4.799999999999986,3.8383733765243844,6.2973982790842244,30.021742859049738,0.29263959625955316,5.9550993596408315,0.0,4.289501326592163,4.2798452487330145,5.708657671479162,0.14687314677076543,-0.08871899981107972,0.0,430.55286799066414,432.6380775132703,431.67804488819365,432.0233165199862
4.859999999999984,4.099891025806437,6.557610076971598,30.358745221339866,0.3013832209575815,5.95007181637925,0.0,4.428108883508186,4.394397677066414,5.524927545717689,0.14333337928679912,-0.07541909082645824,0.0,413.700683615379,414.86413066221616,413.4311798098496,413.14068727100715
4.919999999999983,4.3705253081481565,6.825428929314402,30.686774484873222,0.3106220683979144,5.945579548618401,0.0,4.5932107218386005,4.533358479438417,5.409036100121968,0.16953326329253376,-0.07379773373412138,0.0,438.153138365409,438.28347818593994,437.1881564055911,439.3885712993026
4.979999999999982,4.651872983337463,7.102360867970203,31.00986743851961,0.320908066918558,5.941330023541958,0.0,4.785060122276517,4.698187281090113,5.359807477890394,0.17498089360488253,-0.06546270546689449,0.0,462.4633058439737,463.1159121829357,461.73670501788285,462.1933445169924
5.0399999999999805,4.943312172943946,7.388018591547372,31.32604890506342,0.3311393198452226,5.937478857239345,0.0,4.929788104432684,4.82431456577211,5.179612488558036,0.15965910120034027,-0.0617490263770468,0.0,417.464795346497,417.785523724399,418.30690694472327,416.9998041091701
